NomalMainMsg: 보따리를 열 수 없습니다.

EventNo:-1
TYPE:ACCEPT
EVENT:LV>0&ITEM=2700
AcceptMsg:\n\n보따리를 풀 수 있습니다.\n대신 대지의 깃털을 소멸 됩니다.\n보따리를 풀어보시겠습니까?
ThanksMsg:\n\n\n보따리가 열렸습니다.
ItemFullMsg:\n\n\n가방이 무거워 보따리를 열 수 없습니다.
GetRandItem:36,46,60,160,162,170,250,257,261,339,345,356,442,453,457,540,544,561,646,652,664,747,750,755,36,160,250,257,339,442,532,646,745,2694,2695,2696,957,966,1036,1047,1144,1156,1359,1357,11806,11804,11813,11835,11836,11844,11845,11856,11864,11875,11883,11902,957,966,970,1036,1044,1056,1144,1156,1159,1357,1358,1367,11805,11804,11814,11815,11834,11835,11836,11845,11846,11855,11865,11875,11884,11904,2691,2692,2693
DelItem:2700
EventEnd


