2_test 0|1|0|30100|0|
1_하늘 0|6|200|30100|0|
gkrrua88_부족테스트용5 0|140|0|30100|0|
gkrrua88_부족테스트용4 0|1|0|30550|0|
gkrrua77_부족테스트용4 0|140|0|30150|0|
gkrrua77_부족테스트용3 0|140|0|30900|0|
gkrrua66_부족테스트용2 0|140|0|30700|0|
gkrrua66_부족테스트용1 0|60|0|30150|0|
gkrrua55_제갈량T 0|30|0|30900|0|
sasky_제갈량T2 0|140|0|30750|1|
yesdw00_23 0|1|0|30325|0|
jmycxc1_a 0|1|0|30000|5|
jmycxc_관우 1|139|1|30175|5|
yesdw00_짱멋진장비님 1|140|4110864|30475|1|
1111_유비 0|140|20994325|30100|1|
123_test 0|30|0|30500|0|
jmycxc1_adidas 0|1|0|30100|0|
gkrrua55_제갈량 0|140|8121|30100|3|
159159_ssssss 0|1|0|30100|0|
159159_a 0|1|0|30000|0|
