1111_유비 20994321 140,13,6,7,1,4
yesdw00_짱멋진장비님 4110864 140,6,3,3,0,2
gkrrua55_제갈량 8121 140,1,1,0,1,1
jmycxc_관우 0 1,0,0,0,0,0
jmycxc1_a 0 1,0,0,0,0,0
jmycxc1_adidas 0 1,0,0,0,0,0
159159_ssssss 0 1,0,0,0,0,0
159159_a 0 1,0,0,0,0,0
yesdw00_23 0 1,0,0,0,0,0
sasky_제갈량T2 0 1,0,0,0,0,0
gkrrua66_부족테스트용1 0 1,0,0,0,0,0
gkrrua66_부족테스트용2 0 1,0,0,0,0,0
gkrrua77_부족테스트용3 0 1,0,0,0,0,0
gkrrua77_부족테스트용4 0 1,0,0,0,0,0
gkrrua88_부족테스트용4 0 1,0,0,0,0,0
gkrrua88_부족테스트용5 0 1,0,0,0,0,0
1_하늘 0 1,0,0,0,0,0
2_test 0 1,0,0,0,0,0
